1.425268
6.430094
7.986849
10.426657
10.118900
18.953886
23.389199
26.093938
29.596579
33.462080
44.057448
45.879888
46.740125
47.956643
55.322160
60.927694
65.968548
69.946339
69.636872
75.709350
75.696462
80.432030
88.062767
94.611523
96.992592
96.735799
97.280862
99.240765
102.292365
103.789856
105.679290
118.560320
121.089385
125.362390
129.050279
129.324665
134.853167
136.130543
143.253636
143.539445
143.884677
148.083284
155.201437
155.476202
159.919277
160.520602
168.827062
175.290356
176.524008
178.242438
182.104528
183.283278
185.047867
186.065037
186.825159
196.026351
196.298883
202.180633
211.946285
213.111264
216.919656
217.248603
217.248603
218.715084
227.059432
228.183245
239.148976
239.140134
244.325425
245.482946
250.063653
251.383840
251.411546
252.249534
264.819367
266.539536
270.448896
274.395995
274.767428
277.848915
280.652099
282.402235
284.057544
290.550573
296.218662
298.186540
298.947858
