7.541899441340782495e+00 1.425267881674145976e+00
2.121728903263745849e+02 6.430094089973536597e+00
1.323392000791021985e+02 7.986849260888910784e+00
6.489593118109458203e+01 1.042665743807781631e+01
9.932763138379394263e+01 1.011890047955702698e+01
1.604580257382282582e+02 1.895388567438148542e+01
2.549478584729980923e+02 2.338919925512104214e+01
2.363719144537691008e+01 2.609393842443334322e+01
1.921293320808820226e+02 2.959657883027636416e+01
2.826951599347407296e+02 3.346208038760072867e+01
9.846739506600088987e+01 4.405744796559054777e+01
1.818693031461335181e+02 4.587988826815642085e+01
2.429073762792307605e+02 4.674012458594947361e+01
1.250516152538256165e+02 4.795664318678649352e+01
4.237057728119181377e+01 5.532216014897579726e+01
2.361578027711465779e+02 6.092769423867300560e+01
8.678537149607461743e+01 6.596854773213890155e+01
6.431564245810055525e+01 6.994633931196706556e+01
1.403836126629422836e+02 6.963687150837988327e+01
2.422449279623640450e+01 7.570935019112026509e+01
2.967225325884543849e+02 7.569646182495344533e+01
1.147523277467411447e+02 8.043202979515828588e+01
4.806112389089713388e-01 8.806276700624384546e+01
2.718332389929367423e+02 9.461152265400043859e+01
2.090376049024191900e+02 9.699259222799202007e+01
2.367429673209076952e+02 9.673579868492608114e+01
4.553319820042517563e+01 9.728086221387256671e+01
1.844369108852410477e+02 9.924076489552825819e+01
1.529441340782122722e+02 1.022923649906890091e+02
1.132602278548949783e+02 1.037898563099216886e+02
7.165731448064468623e+01 1.056792900578434740e+02
8.548052242186319916e+01 1.185603200966329496e+02
1.671787709497206436e+02 1.210893854748603218e+02
4.706027120813132569e+01 1.253623901754731378e+02
1.372688732881791793e+02 1.290502793296089408e+02
2.687849162011173121e+02 1.293246650516636009e+02
1.089348395708706079e+02 1.348531665595491233e+02
2.294198348741780933e+02 1.361305433331685322e+02
1.865152708389732652e+02 1.432536362070238738e+02
2.973971559167089822e+02 1.435394447265955762e+02
5.686352753391860082e-01 1.438846767757382281e+02
2.100944575124963194e+02 1.480832843281387738e+02
2.613270002214948562e+01 1.552014372554328077e+02
1.327370642336122728e+02 1.554762020931424331e+02
2.506491029458814239e+02 1.599192774345974897e+02
2.876808323778390672e+02 1.605206020833841478e+02
7.073068688012206451e+01 1.688270617478404461e+02
1.665502793296089408e+02 1.752903557777124490e+02
8.493219796716954306e+01 1.765240075800457475e+02
2.035020795904806334e+02 1.782424384121280809e+02
1.098959864745662998e+02 1.821045280799764612e+02
1.499558953249044313e+00 1.832832780274709421e+02
2.583257450840449678e+02 1.850478674968621533e+02
2.686755327038117258e+01 1.860650368319572863e+02
1.550575962821970677e+02 1.868251594403519960e+02
6.245612300390567384e+01 1.960263509170910083e+02
2.333541605410173645e+02 1.962988826815642653e+02
2.590260707635009112e+02 2.021806331471135820e+02
1.452909477431156517e+02 2.119462846690067863e+02
1.797762902074668148e+02 2.131112642433490123e+02
1.199904439870626334e+02 2.169196559835342839e+02
3.226256983240223519e+01 2.172486033519552961e+02
2.105446927374301822e+02 2.172486033519552961e+02
1.373174968311347000e+00 2.187150837988826879e+02
7.875598563447725553e+01 2.270594323623303978e+02
2.358252583180896522e+02 2.281832451673505773e+02
5.010986964618249573e+01 2.391489757914339123e+02
1.467889454689276647e+02 2.391401344737232648e+02
2.037457239189820939e+02 2.443254251470480085e+02
1.108056453984122385e+02 2.454829461922963674e+02
2.429704108370000313e+02 2.500636525436297859e+02
1.278756312361250025e+01 2.513838403551999363e+02
2.786834264432029613e+02 2.514115456238361332e+02
1.668119180633147209e+02 2.522495344506517654e+02
3.472439478584729500e+01 2.648193668528863896e+02
8.135295802893567441e+01 2.665395358831112844e+02
2.660263824969852067e+02 2.704488962173602431e+02
7.259304940869186851e+01 2.743959950663860923e+02
1.425000000000000000e+02 2.747674277386446420e+02
1.016061452513966543e+02 2.778489148168289944e+02
1.884102931724922030e+02 2.806520986799822026e+02
9.631430022491475063e-01 2.824022346368715262e+02
2.949513991532429600e+02 2.840575444046396569e+02
2.109159070861511509e+02 2.905505733607762409e+02
4.747102820998199491e+01 2.962186619880880585e+02
2.981865398044692483e+02 2.981865398044692483e+02
1.653072625698324032e+02 2.989478584729981776e+02
