7.541899
212.172890
132.339200
64.895931
99.327631
160.458026
254.947858
23.637191
192.129332
282.695160
98.467395
181.869303
242.907376
125.051615
42.370577
236.157803
86.785371
64.315642
140.383613
24.224493
296.722533
114.752328
0.480611
271.833239
209.037605
236.742967
45.533198
184.436911
152.944134
113.260228
71.657314
85.480522
167.178771
47.060271
137.268873
268.784916
108.934840
229.419835
186.515271
297.397156
0.568635
210.094458
26.132700
132.737064
250.649103
287.680832
70.730687
166.550279
84.932198
203.502080
109.895986
1.499559
258.325745
26.867553
155.057596
62.456123
233.354161
259.026071
145.290948
179.776290
119.990444
32.262570
210.544693
1.373175
78.755986
235.825258
50.109870
146.788945
203.745724
110.805645
242.970411
12.787563
278.683426
166.811918
34.724395
81.352958
266.026382
72.593049
142.500000
101.606145
188.410293
0.963143
294.951399
210.915907
47.471028
298.186540
165.307263
